Building nuPlan-style semantic road map...
Constructing expert trajectories...
Training MaxEnt IRL model...
epoch=000, feature_gap=0.782076, theta=[ 0.03  -0.003  0.053  0.118 -0.025]
epoch=020, feature_gap=0.214247, theta=[0.669 0.309 0.116 0.559 0.018]
epoch=040, feature_gap=0.134939, theta=[1.117 0.306 0.152 0.785 0.061]
epoch=060, feature_gap=0.098530, theta=[1.415 0.272 0.181 0.937 0.104]
epoch=080, feature_gap=0.080118, theta=[1.642 0.241 0.205 1.058 0.147]
epoch=100, feature_gap=0.069529, theta=[1.829 0.215 0.227 1.164 0.19 ]
epoch=120, feature_gap=0.062967, theta=[1.992 0.194 0.249 1.263 0.232]
epoch=140, feature_gap=0.058610, theta=[2.139 0.177 0.269 1.358 0.275]
epoch=160, feature_gap=0.055572, theta=[2.274 0.163 0.29  1.45  0.318]
epoch=179, feature_gap=0.053470, theta=[2.394 0.152 0.309 1.536 0.359]
Generating path using learned reward function...

Learned reward weights:
goal_progress           : 2.3939
safe_distance           : 0.1521
centerline_distance     : 0.3093
on_centerline           : 1.5363
goal_reaching           : 0.3589

Evaluation metrics:
path_length             : 88.65685424949238
turns                   : 19
FDE_to_goal             : 5.8309518948453
success                 : 0

Generated path:
[(5, 15), (6, 15), (7, 15), (8, 15), (9, 15), (10, 15), (11, 15), (12, 15), (13, 15), (14, 15), (15, 15), (16, 15), (17, 15), (18, 15), (19, 15), (20, 15), (21, 15), (22, 15), (23, 15), (23, 15), (23, 15), (23, 14), (24, 13), (25, 12), (26, 11), (27, 10), (28, 10), (29, 10), (30, 10), (31, 10), (32, 10), (33, 10), (34, 10), (35, 10), (36, 10), (37, 10), (38, 10), (39, 10), (40, 10), (41, 10), (42, 10), (43, 10), (44, 10), (45, 10), (46, 10), (47, 10), (48, 10), (49, 10), (50, 10), (51, 10), (52, 10), (53, 10), (54, 10), (55, 10), (56, 10), (57, 10), (58, 10), (59, 10), (60, 10), (61, 10), (62, 10), (63, 10), (64, 10), (65, 10), (66, 10), (67, 10), (68, 10), (69, 10), (70, 10), (71, 10), (72, 10), (73, 10), (74, 10), (75, 10), (76, 10), (77, 10), (78, 10), (79, 10), (79, 10), (79, 10), (79, 11), (79, 11), (79, 11), (79, 12), (79, 13), (79, 14), (79, 15), (79, 15), (79, 15), (79, 16), (79, 16), (79, 16), (79, 17), (79, 17), (79, 17), (79, 18), (79, 19), (79, 20), (79, 20), (79, 20), (79, 19), (79, 19), (79, 18), (79, 18), (79, 18), (79, 18), (79, 18), (79, 18), (79, 18), (79, 18), (79, 18), (79, 18), (79, 18), (79, 18), (79, 18), (79, 18), (79, 18), (79, 18), (79, 18), (79, 18), (79, 18)]

Saved output files:
outputs/quick_irl_path.png
outputs/quick_irl_loss.png
